4.365121217811892 0.2852352895046134 4.162112028326122
0.6853935381110593 1.8849136772182118 3.893111026732306
1.5907996918782925 0.12808808209989309 1.9966611750308438
0.24616018406354578 0.07707277985656902 0.5887218035772684
4.766609009733855 3.264248041432233 0.31913299488352587
1.7890895183647086 4.555660927120478 4.916743723749909
3.976696646838312 4.046452263440915 3.840663923101779
0.5809213903884564 3.487825796884226 1.2676049372370035
0.653791686372458 0.45216939118291166 3.3311110252420786
3.8464897538348666 3.816279136892664 4.4570019929196905
2.165218395701153 4.026457526361838 4.4048764760139445
3.7352561234644965 2.2967116965573995 3.0318815112011244
0.7230598836867985 1.2017849931986535 3.516603910062341
1.7851008206982772 3.837990849303359 1.169410024567351
2.594170896550029 1.8186306569416077 3.7409393872873196
3.7778399785474512 1.1700122736839607 1.814164572771687
4.133820633643714 1.8241313378884627 4.297630364551183
3.762691673698169 4.293322207504207 3.2441397276665955
4.958619437559123 4.736942894575292 4.490717687283884
1.8485031129239737 1.6130796975437722 2.040706639500099
2.843984168448891 3.252266294233628 1.9123333984739292
4.835685759556325 1.370599184594747 0.5246377360509791
4.299336600809717 2.753383513043224 1.8086653994305169
0.9608623783364184 4.953733769806094 3.4438507380939627
1.5978327067635956 1.7858615795334787 3.6753777167516777
3.0623204240964825 4.207161553308691 3.135034660366002
0.999512702959246 2.8504652275991695 1.422415505998749
3.947427927520484 0.5404250942481992 2.8786674675252835
0.4825345670048825 1.3920680096751115 0.8058595396751611
1.7078628039694195 0.11870107153614307 1.3227817068579961
2.2662984987916506 1.5706233933335172 1.2476443652154585
0.1810358396044981 3.4772741198653123 2.354371526162087
0.5291536684068088 1.1977343723585732 3.3600296847484024
2.391740531635776 3.9877051965551615 2.939134786182243
4.64846925792457 3.874086596644281 3.0929956416881343
0.04986366320350044 3.4553268494856497 1.3016908571969048
1.988938573796664 1.2645491849316948 2.599480973390345
0.870134989538664 3.583603202421899 0.1313817666845768
0.17124606497552652 4.93540068639953 2.963270026628873
1.017790382400423 3.6970359269269575 1.8759082757266277
1.8423845218496386 1.477203782222189 4.211118203019055
3.044735885879656 4.917383955422085 0.9639577366268437
3.6638545663011595 0.06264769873043363 2.5816788446406216
4.96391570501945 0.41563327752670687 0.8561398369315104
1.082547869459357 0.1814934923794259 4.594486147332166
4.974640896652889 1.9349799197466488 0.801834314181501
0.5374297305773745 2.1086464106765805 3.12187465902861
3.027641326462389 0.1528158696093146 0.6301280812856985
2.006098442714475 2.7098120276966906 0.7583323034188588
3.9356370607700155 1.859648594348563 2.536653142324295
0.632972339501448 3.8997749516266196 2.469220900770421
4.40082163156748 0.9899415443541543 4.199550248425968
2.0597653476361435 1.1597493066616122 3.988357966500358
0.1279554015766493 3.6071856960176247 4.433930547252033
3.5291052483004797 2.9780303720856685 4.086439664929796
0.9223387749658113 1.6944442026119693 2.031049884997553
4.338844268681669 3.234038024390535 4.85393915009585
2.333978006005784 4.769653917195586 1.5280362397154923
4.705046536309753 0.6023046508662 4.444015023469991
0.5733696528350551 3.8588146816841293 3.9293607864603413
0.9894443103563705 4.234779922366453 2.5490259043477046
4.251636620798713 1.7596622462267923 3.1200945611192594
3.685887254040328 3.0142972138435664 1.0921554961311992
0.5696397370375178 0.9949936194217546 1.504626411652512
0.7293766633904036 0.3045012947276676 2.250003771943836
0.03127574522264143 4.075047742741692 3.525379425344977
2.5444549637679374 3.851844124835781 3.409011867158827
1.0505086992060204 1.3266314168154176 3.250148945338643
2.989423030231342 1.4210832509819267 2.6814043908417364
0.7800904662987446 0.9561972274143432 2.606589329988456
3.7414296366558393 0.9890470226655917 0.11513743690840017
2.003102006294368 0.9051416915168253 0.5457445080197532
0.44527626791152297 3.2980543889784384 3.386876320281924
1.3271307229371527 3.399765148890204 3.3131342104852375
4.710117630262888 4.925134391549827 0.6809473730481924
0.7410620960131564 1.2386334477252032 0.6087105379046487
3.8595653577184175 3.0289445132720787 2.248865866647567
4.181597846278493 3.202873224205721 4.673435956786394
3.928958666331349 0.2005947141755049 0.009274569308569958
3.541222629964487 0.8083774399102084 1.9627690463836607
4.620664197135664 1.1758737506220363 1.2222337287836627
0.9133078485787521 1.7349413778423455 4.647043911943798
4.028511936087043 3.5624631262796225 4.972480767956654
4.205792855953823 0.6875564266880158 4.116334393543949
1.5006152502578485 0.5371544547560941 1.0678132074456963
3.0523684628648278 2.2612782106579115 2.915201884112707
0.1783426618113454 0.44073421873924323 2.822282134352268
1.5160428049658865 4.886241486686622 4.642554801393351
1.361981453825471 2.0269587225770493 3.2609649289129354
3.41633251667706 4.694953233341198 2.780375492193166
4.0872003028925175 0.9708030622418418 0.48047527816811264
4.750208216011148 2.587965673220014 1.6306134562263486
3.3821957524435136 0.11334323491293319 0.1725796428767007
4.533030473282526 0.7762880300035074 3.3373550274623076
4.264574336407485 4.818787818140508 0.024133852506895703
0.910112730565657 1.9907427612352575 4.198681933441558
2.072234744033264 1.305219068693667 4.638927569190438
4.507081536509716 1.2383665903399055 4.865896021138392
1.207086242687987 3.392047666308167 0.4585268380537527
4.117336490231122 0.9558532290579008 0.8453914921781325
